1 2
2 4
3 1
4 2
5 8
6 9
7 3
8 6
9 6
10 6
11 7
12 6
13 5
14 6
15 2
16 2
17 7
18 5
19 5
20 6
21 9
22 3
23 8
24 8
25 3
26 6
27 5
28 6
29 7
30 3
31 8
32 5
33 5
34 3
35 6
36 2
37 9
38 8
39 8
40 9
41 2
42 5
43 3
44 8
45 2
46 7
47 6
48 7
49 9
50 1
51 4
52 4
53 4
54 7
55 4
56 2
57 5
58 1
59 4
60 4
61 4
62 7
63 6
64 2
65 7
66 5
67 1
68 3
69 5
70 8
71 4
72 7
73 2
74 5
75 6
76 2
77 4
78 3
79 2
80 6
81 1
82 9
83 6
84 9
85 2
86 2
87 4
88 2
89 8
90 7
91 2
92 9
93 8
94 6
95 2
96 8
97 4
98 8
99 9
100 7
101 4
102 5
103 3
104 5
105 4
106 3
107 3
108 7
109 2
110 5
111 8
112 6
113 9
114 6
115 1
116 4
117 8
118 3
119 6
120 8
121 4
122 8
123 1
124 3
125 1
126 2
127 8
128 8
129 6
130 2
131 3
132 6
133 2
134 5
135 3
136 6
137 9
138 4
139 8
140 3
141 6
142 1
143 2
144 4
145 7
146 8
147 8
148 7
149 4
150 1
151 2
152 5
153 6
154 2
155 7
156 1
157 4
158 6
159 8
160 4
161 5
162 5
163 3
164 2
165 1
166 2
167 2
168 3
169 2
170 6
171 1
172 7
173 7
174 6
175 6
176 7
177 3
178 9
179 3
180 7
181 6
182 4
183 1
184 6
185 4
186 9
187 7
188 7
189 6
190 7
191 3
192 6
193 4
194 8
195 6
196 2
197 5
198 2
199 1
200 9
201 2
202 5
203 9
204 7
205 2
206 8
207 7
208 9
209 9
210 6
211 4
212 2
213 4
214 1
215 5
216 1
217 8
218 3
219 1
220 7
221 3
222 6
223 1
224 5
225 5
226 2
227 1
228 3
229 6
230 5
231 8
232 6
233 8
234 6
235 5
236 6
237 6
238 6
239 8
240 8
241 7
242 5
243 8
244 4
245 1
246 6
247 4
248 4
249 3
250 8
251 2
252 6
253 6
254 5
255 9
256 6
257 6
258 3
259 2
260 3
261 3
262 8
263 9
264 9
265 2
266 3
267 4
268 4
269 2
270 2
271 3
272 1
273 4
274 9
275 3
276 3
277 6
278 7
279 8
280 1
281 3
282 9
283 4
284 4
285 6
286 5
287 9
288 2
289 4
290 1
291 1
292 8
293 3
294 8
295 1
296 3
297 2
298 4
299 1
300 8
301 9
302 4
303 7
304 2
305 8
306 7
307 4
308 3
309 2
310 2
311 2
312 6
313 6
314 2
315 4
316 3
317 8
318 5
319 1
320 6
321 6
322 7
323 2
324 4
325 1
326 8
327 6
328 7
329 8
330 9
331 1
332 7
333 7
334 2
335 8
336 2
337 6
338 6
339 7
340 4
341 6
342 2
343 4
344 5
345 6
346 8
347 4
348 7
349 6
350 8
351 7
352 7
353 2
354 7
355 9
356 9
357 9
358 7
359 1
360 6
361 4
362 3
363 1
364 3
365 7
366 7
367 9
368 8
369 6
370 7
371 3
372 8
373 9
374 8
375 7
376 4
377 7
378 8
379 2
380 6
381 2
382 1
383 8
384 8
385 6
386 4
387 5
388 7
389 6
390 3
391 7
392 8
393 7
394 4
395 5
396 9
397 2
398 2
399 3
400 8
401 8
402 7
403 8
404 2
405 2
406 1
407 3
408 8
409 7
410 2
411 1
412 5
413 1
414 7
415 3
416 6
417 3
418 4
419 4
420 2
421 2
422 8
423 5
424 6
425 4
426 5
427 5
428 6
429 9
430 5
431 8
432 2
433 6
434 9
435 8
436 6
437 8
438 2
439 7
440 1
441 4
442 1
443 8
444 5
445 8
446 1
447 8
448 2
449 1
450 5
451 5
452 4
453 2
454 4
455 7
456 6
457 6
458 5
459 5
460 8
461 3
462 4
463 1
464 8
465 4
466 3
467 2
468 7
469 2
470 7
471 6
472 6
473 5
474 6
475 7
476 3
477 3
478 8
479 2
480 9
481 8
482 6
483 3
484 4
485 5
486 6
487 7
488 8
489 9
490 7
491 8
492 6
493 7
494 4
495 7
496 1
497 4
498 1
499 8
500 9
501 4
502 8
503 2
504 8
505 3
506 7
507 3
508 6
509 3
510 4
511 6
512 6
513 1
514 3
515 5
516 1
517 7
518 1
519 7
520 8
521 7
522 1
523 3
524 7
525 7
526 5
527 8
528 9
529 1
530 2
531 6
532 5
533 6
534 2
535 7
536 2
537 3
538 6
539 5
540 5
541 1
542 1
543 5
544 4
545 7
546 2
547 1
548 8
549 3
550 2
551 3
552 7
553 8
554 2
555 3
556 8
557 8
558 5
559 7
560 4
561 4
562 5
563 7
564 8
565 9
566 5
567 8
568 5
569 2
570 8
571 5
572 8
573 3
574 2
575 4
576 1
577 2
578 1
579 2
580 6
581 3
582 5
583 6
584 9
585 2
586 6
587 8
588 4
589 2
590 8
591 3
592 8
593 1
594 1
595 7
596 4
597 2
598 8
599 7
600 1
601 2
602 7
603 7
604 8
605 7
606 1
607 5
608 4
609 5
610 6
611 8
612 6
613 2
614 4
615 7
616 3
617 4
618 5
619 6
620 4
621 3
622 3
623 2
624 6
625 6
626 9
627 8
628 8
629 1
630 5
631 1
632 3
633 5
634 2
635 9
636 7
637 6
638 3
639 7
640 1
641 4
642 6
643 3
644 3
645 4
646 9
647 1
648 1
649 2
650 8
651 6
652 7
653 2
654 7
655 6
656 3
657 3
658 6
659 3
660 2
661 2
662 5
663 9
664 8
665 8
666 2
667 5
668 2
669 3
670 8
671 3
672 3
673 2
674 2
675 9
676 1
677 8
678 4
679 7
680 3
681 4
682 3
683 5
684 1
685 7
686 7
687 4
688 4
689 2
690 5
691 3
692 5
693 6
694 6
695 9
696 2
697 5
698 3
699 4
700 4
701 8
702 6
703 2
704 4
705 9
706 4
707 4
708 6
709 2
710 4
711 5
712 5
713 6
714 8
715 3
716 5
717 2
718 1
719 3
720 2
721 7
722 7
723 1
724 3
725 5
726 6
727 4
728 6
729 8
730 9
731 4
732 5
733 7
734 6
735 3
736 4
737 3
738 5
739 6
740 3
741 3
742 8
743 5
744 4
745 3
746 7
747 3
748 7
749 4
750 8
751 8
752 7
753 6
754 5
755 6
756 1
757 6
758 8
759 8
760 8
761 4
762 8
763 3
764 6
765 5
766 2
767 2
768 7
769 6
770 6
771 8
772 3
773 3
774 7
775 7
776 3
777 1
778 7
779 2
780 2
781 7
782 7
783 3
784 2
785 7
786 8
787 6
788 3
789 8
790 7
791 5
792 2
793 4
794 8
795 4
796 5
797 2
798 2
799 8
800 8
801 6
802 8
803 2
804 9
805 1
806 8
807 3
808 8
809 7
810 6
811 4
812 9
813 4
814 1
815 8
816 2
817 8
818 4
819 7
820 8
821 8
822 4
823 2
824 6
825 7
826 6
827 4
828 7
829 4
830 4
831 3
832 8
833 4
834 7
835 5
836 6
837 6
838 3
839 5
840 1
841 4
842 4
843 1
844 5
845 2
846 6
847 6
848 3
849 6
850 6
851 6
852 9
853 8
854 1
855 9
856 2
857 2
858 2
859 2
860 4
861 2
862 4
863 4
864 3
865 3
866 7
867 3
868 3
869 1
870 8
871 1
872 4
873 1
874 7
875 2
876 3
877 4
878 7
879 8
880 4
881 8
882 4
883 2
884 2
885 1
886 3
887 1
888 4
889 2
890 8
891 5
892 8
893 8
894 9
895 2
896 8
897 8
898 4
899 6
900 4
901 8
902 9
903 3
904 9
905 3
906 6
907 1
908 4
909 6
910 8
911 2
912 7
913 9
914 5
915 2
916 1
917 6
918 2
919 4
920 7
921 4
922 2
923 8
924 1
925 8
926 4
927 4
928 8
929 1
930 5
931 2
932 3
933 8
934 6
935 4
936 7
937 7
938 5
939 7
940 2
941 2
942 1
943 6
944 8
945 2
946 4
947 6
948 8
949 1
950 9
951 8
952 3
953 8
954 8
955 6
956 7
957 5
958 1
959 2
960 8
961 7
962 8
963 3
964 1
965 2
966 6
967 4
968 4
969 3
970 2
971 9
972 5
973 5
974 2
975 4
976 1
977 2
978 9
979 5
980 6
981 7
982 5
983 2
984 2
985 2
986 5
987 6
988 4
989 9
990 5
991 6
992 2
993 3
994 5
995 4
996 7
997 2
998 7
999 8
1000 5
1001 8
1002 7
1003 4
1004 8
1005 5
1006 6
1007 6
1008 7
1009 7
1010 8
1011 7
1012 5
1013 2
1014 8
1015 6
1016 2
1017 4
1018 2
1019 8
1020 9
1021 2
1022 8
1023 2
1024 8
1025 7
1026 8
1027 3
1028 6
1029 3
1030 3
1031 6
1032 1
1033 4
1034 6
1035 7
1036 6
1037 1
1038 5
1039 4
1040 1
1041 8
1042 8
1043 4
1044 4
1045 4
1046 6
1047 2
1048 8
1049 9
1050 3
1051 3
1052 4
1053 7
1054 5
1055 4
1056 2
1057 8
1058 7
1059 8
1060 6
1061 7
1062 2
1063 1
1064 2
1065 4
1066 8
1067 3
1068 8
1069 7
1070 4
1071 8
1072 6
1073 7
1074 8
1075 3
1076 4
1077 5
1078 9
1079 8
1080 4
1081 8
1082 5
1083 3
1084 7
1085 3
1086 7
1087 8
1088 5
1089 5
1090 4
1091 5
1092 8
1093 8
1094 8
1095 7
1096 7
1097 8
1098 5
1099 1
1100 6
1101 4
1102 8
1103 7
1104 6
1105 9
1106 7
1107 3
1108 8
1109 1
1110 2
1111 8
1112 9
1113 2
1114 1
1115 2
1116 3
1117 1
1118 8
1119 9
1120 8
1121 5
1122 6
1123 3
1124 4
1125 2
1126 8
1127 7
1128 7
1129 2
1130 4
1131 3
1132 6
1133 1
1134 1
1135 3
1136 6
1137 2
1138 9
1139 8
1140 2
1141 8
1142 4
1143 4
1144 3
1145 7
1146 8
1147 9
1148 7
1149 6
1150 4
1151 7
1152 1
1153 6
1154 2
1155 1
1156 5
1157 5
1158 5
1159 4
1160 3
1161 7
1162 9
1163 1
1164 7
1165 1
1166 3
1167 1
1168 8
1169 6
1170 8
1171 2
1172 7
1173 2
1174 8
1175 8
1176 2
1177 6
1178 7
1179 6
1180 1
1181 8
1182 3
1183 2
1184 4
1185 1
1186 6
1187 3
1188 9
1189 4
1190 1
1191 7
1192 8
1193 1
1194 8
1195 9
1196 5
1197 7
1198 8
1199 5
1200 8
1201 8
1202 5
1203 1
1204 8
1205 3
1206 8
1207 3
1208 8
1209 6
1210 2
1211 7
1212 1
1213 5
1214 2
1215 6
1216 9
1217 4
1218 8
1219 5
1220 8
1221 2
1222 3
1223 3
1224 6
1225 6
1226 3
1227 3
1228 8
1229 2
1230 5
1231 8
1232 3
1233 4
1234 7
1235 6
1236 8
1237 3
1238 8
1239 9
1240 4
1241 3
1242 2
1243 2
1244 3
1245 4
1246 7
1247 6
1248 3
1249 2
1250 7
1251 8
1252 8
1253 1
1254 1
1255 4
1256 6
1257 6
1258 9
1259 6
1260 6
1261 2
1262 6
1263 5
1264 1
1265 3
1266 1
1267 1
1268 8
1269 1
1270 7
1271 5
1272 9
1273 8
1274 7
1275 3
1276 6
1277 9
1278 8
1279 6
1280 6
1281 4
1282 2
1283 7
1284 9
1285 3
1286 7
1287 7
1288 3
1289 6
1290 2
1291 8
1292 9
1293 7
1294 1
1295 1
1296 7
1297 5
1298 9
1299 6
1300 4
1301 6
1302 4
1303 7
1304 8
1305 5
1306 3
1307 2
1308 8
1309 7
1310 3
1311 6
1312 8
1313 2
1314 3
1315 5
1316 7
1317 5
1318 2
1319 6
1320 2
1321 4
1322 8
1323 2
1324 4
1325 8
1326 6
1327 4
1328 2
1329 3
1330 1
1331 4
1332 7
1333 6
1334 2
1335 6
1336 3
1337 8
1338 6
1339 1
1340 4
1341 6
1342 7
1343 5
1344 8
1345 2
1346 3
1347 5
1348 8
1349 5
1350 2
1351 2
1352 4
1353 5
1354 1
1355 5
1356 2
1357 4
1358 1
1359 2
1360 6
1361 3
1362 6
1363 8
1364 3
1365 8
1366 9
1367 1
1368 3
1369 4
1370 3
1371 4
1372 6
1373 8
1374 8
1375 6
1376 4
1377 6
1378 5
1379 8
1380 7
1381 2
1382 3
1383 2
1384 1
1385 3
1386 2
1387 9
1388 6
1389 2
1390 2
1391 6
1392 4
1393 2
1394 7
1395 5
1396 6
1397 8
1398 6
1399 3
1400 2
1401 8
1402 8
1403 4
1404 6
1405 6
1406 7
1407 1
1408 8
1409 1
1410 7
1411 5
1412 5
1413 2
1414 8
1415 8
1416 6
1417 3
1418 3
1419 8
1420 4
1421 5
1422 7
1423 4
1424 5
1425 7
1426 5
1427 4
1428 7
1429 8
1430 7
1431 2
1432 5
1433 3
1434 7
1435 2
1436 9
1437 2
1438 8
1439 4
1440 2
1441 3
1442 8
1443 1
1444 7
1445 4
1446 4
1447 4
1448 2
1449 4
1450 6
1451 6
1452 6
1453 2
1454 1
1455 3
1456 7
1457 3
1458 4
1459 7
1460 6
1461 5
1462 5
1463 4
1464 9
1465 5
1466 4
1467 5
1468 6
1469 6
1470 7
1471 9
1472 6
1473 2
1474 3
1475 5
1476 3
1477 6
1478 8
1479 9
1480 8
1481 9
1482 6
1483 5
1484 8
1485 4
1486 7
1487 7
1488 2
1489 7
1490 7
1491 5
1492 3
1493 7
1494 3
1495 2
1496 2
1497 9
1498 3
1499 6
1500 9
1501 8
1502 3
1503 8
1504 9
1505 5
1506 5
1507 3
1508 4
1509 7
1510 4
1511 2
1512 2
1513 6
1514 4
1515 8
1516 5
1517 8
1518 8
1519 7
1520 2
1521 8
1522 6
1523 2
1524 3
1525 8
1526 6
1527 2
1528 4
1529 4
1530 2
1531 9
1532 2
1533 1
1534 7
1535 8
1536 8
1537 9
1538 7
1539 8
1540 7
1541 7
1542 6
1543 5
1544 8
1545 2
1546 8
1547 6
1548 8
1549 7
1550 8
1551 7
1552 4
1553 8
1554 6
1555 2
1556 8
1557 8
1558 6
1559 7
1560 6
1561 4
1562 3
1563 4
1564 2
1565 6
1566 3
1567 3
1568 3
1569 7
1570 2
1571 7
1572 1
1573 3
1574 3
1575 5
1576 4
1577 7
1578 7
1579 7
1580 7
1581 6
1582 6
1583 1
1584 3
1585 2
1586 4
1587 4
1588 3
1589 7
1590 1
1591 4
1592 4
1593 3
1594 2
1595 1
1596 5
1597 7
