506 510
655 658
783 786
1122 1145
1432 1440
1212 1592
1273 1277
1055 1066
923 925
1400 1411
1224 1242
1481 1482
654 658
803 804
34 42
216 219
660 663
802 810
328 332
643 646
1100 1103
1247 1248
1410 1415
1437 1447
1246 1593
152 165
337 338
175 177
1194 1200
693 694
1357 1358
1363 1372
683 685
204 215
864 880
1547 1555
1201 1217
798 803
1116 1381
743 750
910 917
932 933
163 165
1397 1404
1108 1110
117 119
692 776
507 509
1318 1332
184 193
167 185
312 321
541 545
814 820
883 884
689 697
1132 1133
138 1370
34 35
530 531
802 803
1462 1466
1160 1590
703 708
434 441
143 289
1348 1349
151 161
1073 1075
1473 1475
524 529
1552 1553
50 52
715 722
1227 1234
1444 1454
791 795
484 490
508 512
1412 1423
808 810
995 1000
316 322
1529 1534
925 927
817 832
599 604
1095 1132
73 75
257 1256
491 493
1417 1429
130 134
1258 1260
80 83
648 651
157 168
104 105
1377 1379
873 876
46 48
319 323
1334 1336
1139 1147
159 172
326 336
623 635
1487 1488
442 451
1164 1165
1364 1365
1539 1544
86 90
394 398
509 511
295 299
902 904
651 666
1018 1019
466 470
194 201
307 371
828 829
42 45
1056 1058
741 747
1099 1100
1207 1208
766 767
113 120
865 877
78 82
227 228
851 852
319 326
524 527
1534 1540
343 352
380 1476
1335 1344
1536 1537
205 226
1510 1515
596 606
1354 1366
1369 1372
1261 1595
1205 1218
1318 1327
348 357
1399 1405
940 947
560 561
467 469
74 79
493 495
533 535
665 680
427 436
614 622
1002 1003
1514 1515
586 593
452 458
639 640
35 45
695 702
844 854
1411 1412
1361 1364
812 813
301 304
1461 1464
344 349
822 823
934 941
1250 1263
649 672
1310 1313
1538 1544
639 645
91 103
488 542
1360 1361
349 358
902 906
651 652
1163 1164
1399 1400
47 52
691 697
971 976
645 653
792 801
98 106
244 247
372 375
519 537
1479 1490
529 537
1313 1321
548 550
1154 1155
1299 1304
1106 1162
131 138
405 406
134 141
1533 1540
986 987
1447 1461
738 744
1225 1232
323 327
987 994
862 863
1469 1470
1141 1152
650 651
653 659
1418 1419
195 196
196 212
872 881
1442 1447
1107 1110
20 21
94 102
98 99
994 995
245 248
479 546
155 156
871 872
1479 1481
182 190
1215 1225
185 197
43 47
811 815
234 244
252 253
897 899
590 599
277 282
190 191
976 981
1350 1358
91 105
2 7
915 916
1013 1029
178 179
1121 1122
143 160
807 809
973 974
706 719
905 907
1129 1131
173 185
249 250
529 535
1112 1380
433 449
586 588
229 232
797 800
1424 1431
234 245
253 254
550 551
181 192
735 739
185 187
313 315
1250 1266
170 171
1423 1424
339 349
855 862
1278 1295
604 608
364 365
241 242
1038 1048
1509 1514
1013 1028
374 375
942 943
1387 1393
820 828
129 135
402 406
1508 1536
168 171
519 526
780 784
733 742
381 384
133 147
816 833
1494 1508
854 927
413 419
858 865
198 272
1001 1002
365 369
810 819
935 941
1185 1193
688 690
66 67
339 344
816 818
1423 1431
789 790
166 168
169 171
297 299
161 298
329 337
624 625
809 817
1105 1107
1162 1383
853 855
1333 1335
1518 1520
1083 1085
1345 1357
458 459
495 507
1472 1475
924 928
1059 1062
1356 1357
365 368
76 82
661 664
951 954
1493 1497
299 305
816 831
217 218
238 243
348 351
719 726
116 120
1311 1317
444 445
1255 1264
672 674
526 535
1388 1393
1466 1470
161 289
675 679
809 824
221 222
1565 1566
6 14
479 542
428 440
1421 1440
1019 1023
31 32
431 432
694 779
1242 1244
1032 1036
1290 1292
496 498
1553 1554
1316 1325
1047 1052
1209 1223
1427 1487
661 671
366 369
1289 1291
279 1460
353 359
664 676
778 780
190 195
247 553
746 754
922 923
691 768
412 448
946 955
489 497
1186 1192
1545 1553
716 718
788 790
1548 1550
115 119
150 155
722 724
1312 1327
526 528
1387 1390
161 296
1281 1293
511 512
634 643
996 1000
120 121
428 429
888 889
1319 1327
1370 1373
1062 1098
53 56
1514 1549
1430 1441
1269 1273
758 759
920 925
454 1580
705 718
857 869
107 111
36 39
661 678
536 540
1380 1393
260 261
1076 1100
778 781
1476 1477
282 363
765 768
213 218
1247 1249
1343 1354
1271 1275
1213 1226
1358 1371
850 853
1503 1528
1309 1315
769 772
258 259
403 408
502 513
431 442
583 587
859 862
1317 1330
57 58
953 954
776 779
482 488
1288 1291
1280 1284
1329 1333
280 1486
33 35
785 787
274 276
148 157
535 537
1200 1219
478 479
1134 1136
377 379
136 1370
709 721
414 418
490 497
1332 1350
1087 1088
626 634
1323 1336
1504 1525
867 870
831 840
1036 1037
449 450
1466 1489
1563 1564
256 1254
1550 1564
417 421
1173 1574
1119 1125
369 371
1274 1278
903 906
483 487
1061 1098
600 608
413 414
894 895
415 426
768 774
666 673
1496 1499
654 671
800 885
1248 1249
488 547
880 882
626 627
1108 1385
647 648
1275 1276
1403 1404
1043 1081
450 463
1301 1311
330 332
203 220
204 220
1256 1266
151 157
832 836
1116 1386
294 295
517 518
1202 1214
206 208
1359 1364
1366 1368
1459 1480
284 296
1338 1340
655 656
783 784
1267 1268
993 996
610 620
1055 1064
1293 1303
378 383
709 711
878 879
991 1001
576 1581
1053 1091
337 348
300 309
766 773
16 17
784 785
1024 1026
1376 1378
314 369
1330 1332
151 152
279 280
1344 1353
1331 1337
1512 1532
603 612
1317 1327
931 939
21 61
1178 1180
1202 1207
943 949
468 533
255 258
862 872
571 572
1432 1439
883 890
1505 1531
814 826
923 926
1453 1480
1224 1241
654 657
1410 1414
802 809
1462 1472
398 467
328 331
400 403
736 740
1437 1448
425 433
337 339
602 606
175 178
658 660
693 695
784 794
1235 1241
1363 1369
1330 1333
1348 1375
407 468
447 448
819 820
1331 1332
1444 1448
163 166
1108 1109
21 60
294 297
478 540
557 611
1243 1244
507 510
1542 1544
1052 1063
1197 1204
184 196
1431 1445
541 546
814 819
1053 1058
193 202
620 624
1084 1085
711 721
1462 1465
331 332
439 440
555 556
261 265
62 63
80 85
917 922
1460 1467
1115 1117
658 661
693 702
109 128
1355 1366
77 81
151 162
1073 1076
1110 1384
22 1576
159 162
287 290
1444 1453
623 625
791 796
114 222
121 122
484 489
394 396
508 511
58 68
680 681
808 809
1236 1238
125 126
414 415
73 76
893 894
130 133
1413 1425
42 43
1258 1259
657 660
1411 1423
180 181
38 63
385 386
77 80
682 686
25 30
720 729
723 730
137 141
46 47
502 503
812 818
1262 1263
1551 1553
1045 1089
326 335
442 450
1349 1375
86 89
394 397
1539 1541
1542 1546
1541 1544
1143 1144
607 609
167 172
295 300
902 903
921 967
172 189
1203 1209
193 200
689 696
817 824
1339 1343
325 410
952 955
220 230
977 985
1056 1057
424 472
745 751
839 840
1211 1212
197 212
877 878
1173 1174
865 878
78 81
1473 1490
1534 1539
72 1187
649 666
205 227
830 839
1510 1514
118 123
596 605
857 861
837 838
845 928
1305 1316
1203 1204
1442 1452
268 269
1484 1485
968 970
1480 1482
74 78
406 407
614 621
1478 1480
89 90
476 479
1361 1365
812 816
911 914
1535 1537
93 94
861 862
628 635
866 878
170 183
443 452
933 934
389 465
230 240
694 710
396 399
91 104
771 774
1180 1226
902 905
81 82
1416 1429
391 392
1081 1086
195 202
341 342
821 822
271 275
1413 1422
977 983
594 601
211 275
1298 1304
1313 1322
1440 1444
844 846
1304 1306
1106 1161
798 799
982 984
158 171
176 192
248 553
198 276
379 381
435 443
1137 1149
165 173
738 743
1011 1012
1251 1261
338 348
411 474
513 514
288 295
419 426
147 154
384 394
904 910
828 835
132 133
243 245
406 409
519 529
1479 1482
619 620
1520 1560
197 201
1411 1427
521 522
669 675
811 816
410 412
1513 1514
1204 1207
926 932
234 243
252 256
897 900
145 153
1042 1080
1356 1369
165 172
936 938
1448 1450
664 671
188 194
338 349
1354 1360
855 860
363 365
146 259
2 6
1142 1152
904 907
913 915
1121 1123
807 810
427 430
246 248
173 186
249 251
1078 1080
305 317
586 587
786 791
24 25
136 138
266 270
1494 1498
413 421
603 604
622 632
735 740
1508 1537
185 188
313 316
1158 1160
1435 1443
281 282
135 149
339 350
364 368
1038 1047
634 638
1509 1515
1387 1394
1022 1023
1283 1289
820 827
1408 1414
347 349
129 136
402 405
1508 1535
559 560
979 980
1071 1072
1491 1492
1264 1266
200 213
737 738
102 104
1494 1507
1001 1003
413 420
365 370
849 858
1185 1194
688 689
1278 1287
528 535
166 167
719 724
297 300
150 152
1231 1236
84 89
1407 1420
944 967
196 202
329 338
1162 1382
1105 1108
1057 1091
1165 1175
853 856
1240 1265
1006 1007
1518 1519
382 384
481 492
924 927
1316 1319
825 833
183 191
76 81
1458 1460
1493 1498
947 953
1546 1559
217 219
1161 1162
1010 1015
116 119
1012 1015
1311 1318
444 448
320 321
526 534
1184 1185
1260 1268
1388 1396
1565 1567
404 465
315 321
885 886
335 339
690 703
907 909
428 439
1421 1433
1242 1243
1319 1333
930 937
1032 1035
1217 1221
608 612
1244 1249
1042 1044
928 936
843 846
366 368
438 440
187 189
353 360
1289 1292
778 779
1290 1291
946 954
412 447
716 717
788 789
166 169
538 541
440 453
115 120
850 851
409 425
795 796
1255 1256
1325 1335
1457 1458
526 527
671 676
799 804
1422 1423
1462 1475
202 216
989 1027
996 999
1421 1432
1319 1328
435 450
1062 1097
1415 1418
611 615
459 460
575 577
608 617
1269 1274
869 870
1181 1182
1079 1083
857 870
1280 1286
585 586
1449 1450
19 20
454 475
76 79
536 539
735 736
1048 1051
1476 1480
480 481
673 674
213 219
946 947
414 424
825 830
1063 1065
1169 1170
437 438
1213 1227
845 936
647 651
1200 1206
1271 1276
1503 1525
813 825
1483 1522
1194 1202
203 215
420 421
403 405
154 158
906 911
909 911
1029 1030
1317 1331
953 955
1345 1363
1130 1131
350 354
1274 1276
482 487
1079 1086
1223 1229
33 36
415 424
568 569
1080 1081
572 574
274 275
1144 1157
535 538
592 601
1134 1135
1496 1501
377 380
136 1369
414 417
701 706
331 341
1504 1528
668 675
1043 1087
580 581
49 51
449 451
1296 1297
1266 1268
824 832
367 372
151 155
832 838
410 474
1550 1563
1443 1451
430 434
162 298
308 311
92 102
1274 1277
483 488
1114 1388
413 415
1005 1006
1045 1046
1221 1230
1206 1216
505 515
654 670
800 888
964 967
1102 1151
218 228
327 336
1252 1253
556 558
1492 1501
813 815
1237 1239
450 462
202 203
330 331
975 976
498 506
704 707
1256 1265
1347 1348
28 32
1427 1441
1118 1586
861 869
517 519
1359 1361
1093 1129
206 207
351 356
1094 1127
1366 1367
212 220
1338 1339
1192 1204
610 619
1457 1487
620 625
378 382
1477 1480
803 807
1067 1068
218 229
989 990
991 1002
1272 1283
337 349
648 666
602 604
175 176
303 304
179 275
1024 1025
204 212
1376 1377
498 499
1330 1331
525 533
1135 1137
1512 1531
603 609
1118 1120
163 172
1178 1179
943 950
1153 1157
432 433
862 871
1505 1532
755 759
1111 1113
654 656
781 794
927 931
660 665
398 466
681 756
1462 1471
643 644
130 138
736 739
892 894
469 472
1159 1161
1582 1583
222 234
720 726
525 532
798 801
50 57
818 825
932 935
1325 1328
1009 1018
4 5
848 849
1094 1129
375 376
565 570
432 442
418 430
641 655
822 834
1270 1277
1483 1521
184 195
1431 1446
1454 1480
193 203
620 623
416 417
490 551
130 131
149 155
917 923
1401 1406
1309 1311
286 288
693 703
1445 1489
682 684
77 82
1552 1555
1073 1077
524 531
1512 1513
841 848
159 167
1193 1200
1321 1328
663 665
114 221
791 793
957 958
1093 1094
118 120
121 123
285 1367
394 395
604 616
217 228
1060 1097
1332 1337
1307 1323
995 998
724 725
1236 1237
8 10
466 467
599 602
359 360
893 895
73 77
534 535
971 977
1413 1426
423 470
1492 1529
1099 1103
197 214
1411 1424
113 115
385 387
682 685
1551 1554
723 727
137 142
851 855
442 449
205 229
922 929
1511 1528
1164 1167
1349 1376
1539 1542
697 768
348 354
295 297
1203 1210
724 734
461 462
597 598
1109 1110
1453 1454
1455 1457
307 369
325 411
74 76
225 234
1056 1060
424 471
871 881
745 752
1043 1045
877 879
1463 1465
38 39
865 879
1285 1286
1238 1240
1438 1451
1534 1538
696 775
114 207
312 313
205 228
1510 1513
1369 1374
411 469
11 1573
1102 1156
639 644
641 660
1045 1088
1360 1366
1483 1518
1163 1167
767 773
894 901
968 969
1208 1224
74 77
534 537
1336 1352
1480 1481
23 24
975 1585
427 434
1004 1021
89 91
587 592
1355 1360
812 815
702 708
1438 1444
1327 1333
176 178
1064 1066
165 167
866 877
933 935
277 278
170 182
443 449
1013 1014
1037 1038
1386 1398
1538 1542
1446 1461
515 804
714 722
1384 1385
1081 1087
47 50
195 199
821 823
271 276
494 496
827 829
520 531
594 608
1413 1423
211 276
1240 1264
1515 1557
1299 1302
472 473
844 845
772 774
131 136
262 267
1351 1353
1461 1465
1494 1495
158 170
590 604
165 174
1202 1220
338 347
174 298
51 53
160 162
954 958
915 919
384 393
904 909
1509 1510
652 669
1115 1162
1562 1569
1107 1108
1507 1508
243 246
706 716
1346 1356
1478 1481
801 802
1041 1042
751 753
1433 1436
990 992
521 523
811 813
1472 1490
410 411
1513 1515
411 447
252 255
145 154
188 193
207 221
976 983
135 147
1187 1203
232 237
1446 1447
235 238
363 366
1336 1342
164 172
1342 1355
1146 1148
1152 1155
129 130
1450 1454
99 106
905 909
1078 1079
173 187
1346 1357
305 318
31 41
1520 1568
386 392
1352 1353
1424 1425
1494 1497
622 631
1138 1140
185 189
1548 1549
1435 1444
208 224
339 347
364 367
584 592
656 664
896 901
347 350
624 630
1346 1350
1425 1441
249 590
264 267
1120 1124
1264 1265
200 216
1383 1386
298 303
102 103
1494 1506
1001 1004
344 355
1034 1035
575 576
849 859
189 193
9 18
688 692
1435 1451
12 13
789 792
297 301
150 151
1311 1316
1206 1219
160 302
896 910
1162 1381
19 1577
1078 1081
1319 1331
87 88
88 96
1058 1061
209 221
481 493
617 628
547 548
1337 1346
368 370
664 677
263 264
763 764
816 825
891 892
947 954
1205 1206
985 988
515 799
1546 1558
1548 1559
589 601
1050 1051
439 453
1010 1014
444 447
1184 1188
1260 1267
676 677
806 810
221 224
863 880
885 887
1054 1055
690 702
907 910
48 64
123 125
826 828
1419 1432
612 616
833 841
1516 1517
102 105
870 873
1042 1043
1047 1050
142 152
661 665
438 439
1048 1053
1186 1190
946 953
716 720
589 600
788 792
1232 1233
115 117
875 876
799 801
1259 1260
1387 1388
70 71
950 962
1462 1474
989 1028
1420 1432
408 417
690 695
888 891
1425 1430
1497 1506
1191 1197
1319 1325
826 829
1269 1275
869 871
1201 1216
1381 1383
1280 1285
1558 1564
1223 1227
585 587
270 273
1449 1451
1322 1324
1476 1479
1074 1102
504 506
252 257
90 94
414 423
825 831
1343 1360
437 439
589 591
846 857
647 652
278 290
739 745
867 873
1200 1205
1271 1273
1328 1333
307 308
1420 1421
1540 1542
906 910
909 912
140 146
731 732
583 585
859 860
1191 1192
1119 1124
1419 1434
1274 1275
482 486
978 982
1329 1335
1557 1565
376 411
33 37
572 573
1322 1325
615 627
299 300
701 707
331 342
1200 1214
739 740
867 868
152 155
45 49
1043 1088
1183 1184
1311 1312
1323 1334
1436 1446
4 1575
488 490
860 862
1266 1267
1372 1374
1445 1470
256 1256
832 837
1216 1221
998 1000
1193 1205
308 314
1123 1146
83 85
483 485
1112 1114
284 289
1114 1387
413 416
1005 1007
455 460
1221 1231
389 401
800 887
378 380
214 230
1102 1150
1248 1251
1390 1396
1410 1418
1276 1278
813 816
445 453
1189 1194
527 529
450 461
1301 1305
856 861
1357 1371
1256 1268
498 505
1537 1543
28 31
1027 1029
659 674
517 520
370 372
631 632
351 353
1359 1362
1419 1420
943 948
212 219
1192 1203
1457 1488
1293 1297
1404 1414
615 621
64 65
378 381
601 608
803 808
1545 1551
699 700
149 150
1389 1401
602 603
451 462
179 276
700 714
500 502
1188 1200
1331 1335
108 198
606 607
1118 1119
1397 1408
370 373
1014 1028
1365 1377
390 400
1153 1158
1426 1431
1432 1433
1197 1207
1506 1507
1111 1114
1127 1128
654 655
1166 1167
1519 1523
130 137
149 157
1437 1442
1530 1538
152 162
1016 1020
892 893
1194 1197
253 262
203 204
311 312
683 684
422 428
702 703
499 505
1195 1196
1117 1386
283 285
1424 1441
1193 1194
1321 1322
1444 1450
623 624
1391 1392
1427 1428
1220 1224
1511 1531
484 486
692 777
929 930
432 441
507 508
418 429
641 656
309 310
717 718
858 863
1270 1276
1307 1313
1318 1329
1452 1472
941 953
761 762
868 873
1454 1479
1529 1530
802 808
289 298
292 293
149 156
889 895
1309 1312
1460 1469
286 287
657 671
1392 1397
143 296
682 683
77 83
1551 1552
134 150
159 168
748 749
1 2
1093 1095
118 119
886 887
285 1368
837 850
141 148
217 229
1428 1487
418 422
914 918
309 317
1393 1399
1452 1461
1236 1240
941 952
1308 1315
8 9
193 195
689 691
1224 1225
893 896
73 78
1065 1070
645 659
1056 1062
745 746
157 163
52 68
197 215
113 116
25 32
578 579
137 143
723 728
1474 1475
1226 1234
1354 1362
640 644
401 403
1455 1458
461 463
467 473
289 296
325 412
665 676
404 420
1056 1059
424 466
1315 1318
1284 1286
78 79
1238 1239
262 264
1327 1331
1334 1342
1497 1498
165 185
183 199
184 188
312 316
1310 1317
188 189
956 957
118 121
596 607
886 889
485 491
1538 1540
1342 1343
927 928
1439 1440
1336 1351
256 257
240 242
1057 1058
425 431
448 453
859 865
452 459
1502 1504
642 655
587 589
1285 1294
1438 1443
1228 1230
254 263
1306 1310
165 168
1011 1015
790 795
277 279
443 450
1037 1039
1501 1529
1225 1228
1349 1359
1538 1541
515 801
91 102
771 772
81 84
172 173
1588 1589
1181 1594
195 200
566 570
364 1579
271 273
1313 1324
619 623
876 956
548 551
786 795
1104 1105
262 266
686 770
1199 1213
11 12
247 248
158 169
1352 1366
1447 1452
162 174
435 441
1461 1466
144 289
590 603
1251 1259
1286 1300
26 28
601 610
323 326
513 516
160 161
236 244
770 771
1509 1511
373 374
174 186
653 654
30 32
196 213
218 219
1465 1466
938 940
1340 1349
132 135
519 535
594 600
706 715
618 633
834 843
356 357
801 803
1041 1043
1464 1466
197 203
751 754
696 768
1433 1437
573 574
811 814
725 737
266 267
926 930
1204 1209
435 436
625 630
1409 1414
1289 1298
664 665
333 343
26 29
207 222
210 211
1092 1094
231 232
999 1000
1187 1204
398 399
1336 1341
1342 1354
879 883
153 154
1146 1147
913 917
1394 1400
1450 1453
1196 1201
1530 1534
408 416
907 914
1279 1281
264 269
357 358
638 639
1120 1126
1150 1151
1406 1417
200 218
553 554
223 224
386 391
988 990
1138 1139
935 937
333 334
189 203
208 223
263 267
334 346
688 694
923 929
1493 1494
306 310
842 844
1343 1361
1548 1564
166 188
242 251
1308 1309
1255 1265
584 591
820 829
160 296
896 904
624 629
95 99
718 720
1218 1221
1295 1296
199 205
273 276
1415 1435
756 757
1383 1391
1058 1059
298 302
1471 1485
1243 1263
1472 1479
1554 1555
854 924
694 695
1003 1009
580 1582
189 194
688 691
1423 1430
528 529
842 845
1010 1012
1183 1185
835 841
1206 1218
1312 1318
48 65
196 204
1420 1433
876 936
88 95
199 200
1083 1084
1269 1270
1403 1409
1438 1440
481 494
1316 1321
234 236
1066 1068
1482 1490
951 957
41 49
1128 1129
44 46
190 199
1272 1274
947 951
412 444
324 334
985 989
1049 1053
1070 1072
1526 1528
439 454
722 736
278 287
1010 1013
563 564
1312 1315
477 518
1019 1022
606 609
644 649
1430 1445
1292 1301
496 499
1288 1298
142 151
453 456
291 295
843 844
898 900
1034 1084
815 825
1499 1501
90 92
716 719
589 593
734 740
788 791
115 118
562 563
749 757
486 491
487 489
307 314
1281 1296
1462 1473
1466 1484
1068 1098
690 694
1425 1431
1497 1507
124 127
417 426
1306 1316
1269 1276
920 922
1419 1440
901 907
82 84
482 484
1079 1081
1098 1103
1558 1563
637 638
1405 1406
107 110
270 272
415 419
585 588
1322 1323
1476 1482
1074 1101
925 929
136 1374
948 949
414 422
621 631
1332 1346
327 340
437 440
589 592
846 856
1271 1274
867 874
352 362
152 157
558 559
1305 1310
1296 1302
449 462
749 756
1445 1464
203 213
420 423
899 963
1068 1103
1069 1105
708 709
1096 1097
906 909
1168 1169
140 145
1540 1541
518 519
482 485
833 840
393 394
617 618
1280 1293
33 38
415 422
530 1517
214 220
215 220
621 622
91 94
488 551
1390 1402
1328 1341
813 818
450 459
367 370
1069 1104
630 635
279 281
1550 1561
445 446
998 999
1443 1449
1151 1155
1193 1206
1467 1469
92 104
903 909
483 486
1426 1436
212 213
600 601
1112 1113
1544 1546
1556 1557
1005 1008
972 978
1179 1180
937 941
22 23
1127 1131
1206 1214
1132 1150
378 379
143 161
1275 1287
300 305
450 452
1562 1568
605 606
677 678
1234 1246
311 315
1445 1446
1135 1136
1171 1172
1443 1444
861 871
112 114
97 98
903 904
943 945
875 939
85 86
429 430
565 566
783 787
1543 1547
1273 1274
1545 1552
216 218
660 662
1434 1438
37 40
643 647
989 992
736 744
1275 1282
1357 1363
952 961
1235 1245
1362 1367
204 214
1547 1560
975 981
500 501
1173 1591
931 938
1198 1199
139 143
282 1468
432 435
255 261
1197 1208
1412 1413
210 276
321 374
927 929
1095 1150
490 548
1559 1563
1033 1034
175 181
253 263
1287 1295
1090 1091
700 706
315 373
499 506
1109 1380
501 502
635 641
818 831
1321 1323
910 913
1227 1235
1444 1449
1521 1560
383 395
1225 1233
484 485
503 513
929 931
1498 1508
141 150
604 609
1412 1422
941 954
1439 1452
138 1374
34 39
802 807
416 419
792 793
1115 1116
469 473
470 471
587 593
77 84
222 225
667 675
354 358
134 149
1241 1242
433 442
159 165
380 1482
1 3
557 597
121 125
485 486
837 851
1542 1550
1393 1400
309 318
1307 1321
595 596
995 996
1236 1239
651 667
172 185
796 806
193 196
194 204
1455 1456
1065 1071
919 924
1056 1061
113 117
992 1014
227 229
851 853
524 526
1040 1047
750 761
934 935
790 792
1354 1361
122 124
1539 1540
999 1017
1187 1197
348 356
426 430
724 736
1109 1112
105 109
1157 1587
225 236
1284 1285
180 191
695 703
43 50
134 135
1327 1332
380 1480
183 200
312 315
1310 1316
1386 1395
1187 1192
1538 1539
1541 1546
1360 1368
436 455
629 630
1141 1142
1163 1165
940 951
782 818
1229 1234
1124 1125
425 432
244 246
372 374
1440 1448
859 866
89 93
965 966
127 565
198 210
642 654
1215 1219
1502 1503
131 139
1438 1442
1199 1211
1277 1281
1133 1150
176 180
1501 1530
934 937
1011 1016
1378 1379
277 280
1037 1040
1511 1512
207 209
174 303
1441 1487
412 474
582 584
10 1572
987 995
954 955
419 430
1180 1227
349 354
632 636
1020 1021
691 693
271 274
94 105
1340 1359
1437 1438
168 188
479 547
155 157
1313 1325
619 624
731 745
874 939
1004 1016
751 752
916 919
1304 1307
185 194
131 134
224 225
134 137
616 618
686 769
1464 1489
198 273
181 182
590 602
949 950
1101 1102
1448 1454
26 27
135 154
288 292
236 243
1434 1444
164 165
147 149
384 395
1509 1512
373 375
653 655
30 31
1533 1534
395 398
569 571
806 820
938 939
1450 1451
243 244
594 599
834 842
356 360
801 804
1041 1044
31 40
1313 1316
197 204
1464 1465
290 291
786 787
185 201
1106 1159
405 409
1424 1430
926 929
1324 1333
936 939
1448 1451
208 209
135 145
976 977
1092 1093
306 308
363 364
164 174
879 884
1038 1051
602 609
781 805
1394 1399
399 469
129 132
593 601
718 726
1341 1351
296 298
1456 1458
905 911
1530 1533
1406 1416
1479 1480
157 159
269 270
200 217
1451 1459
386 390
209 225
1352 1355
1424 1427
1356 1363
988 989
145 147
1500 1501
1493 1495
189 204
923 930
263 268
688 693
306 309
714 715
842 843
1343 1362
1548 1563
166 187
242 250
171 184
1255 1266
852 853
656 658
1283 1288
1408 1415
347 348
807 808
718 719
1219 1228
250 251
434 452
60 61
495 504
1472 1474
727 728
730 741
254 255
549 550
1286 1294
1435 1449
891 895
815 816
1498 1500
238 246
348 350
1010 1011
742 747
320 325
1184 1189
196 203
1312 1317
161 302
838 851
806 815
593 599
119 125
1421 1437
944 945
1319 1329
458 463
608 616
187 194
1269 1271
133 134
1403 1410
1438 1439
1316 1324
1066 1067
142 157
1210 1212
895 896
1155 1156
183 190
951 958
937 946
368 372
353 356
740 744
479 488
281 363
1185 1188
1221 1237
1186 1187
213 216
324 333
15 17
515 797
528 537
238 239
789 793
1070 1071
1526 1527
722 735
278 286
387 1570
202 212
953 961
1058 1091
120 128
1319 1324
459 464
612 618
542 548
280 1468
142 150
1210 1213
187 188
922 927
630 641
687 698
815 826
267 269
90 91
825 826
146 153
1209 1210
589 594
734 739
1325 1330
5 1571
1116 1117
391 1519
202 213
293 297
633 635
690 693
906 907
1497 1508
431 443
859 863
417 427
514 552
826 835
611 614
350 358
1419 1437
776 778
82 83
482 483
1079 1082
1288 1290
103 104
411 412
637 639
585 589
415 420
1210 1222
1222 1227
1449 1453
148 156
1200 1218
260 265
1113 1114
1476 1481
925 930
946 952
621 632
1213 1222
1305 1311
647 650
1328 1335
1523 1569
831 833
449 463
329 330
203 214
186 303
367 368
863 864
633 642
336 340
1540 1544
908 916
583 591
417 418
631 636
903 907
1557 1567
505 506
33 39
970 972
531 1524
732 741
721 730
1233 1242
1412 1425
191 199
598 1584
983 985
1108 1384
45 51
1043 1086
1189 1197
527 528
450 458
1039 1040
696 697
279 282
1344 1351
1443 1450
1151 1156
1467 1470
308 316
92 103
1093 1133
206 211
7 14
1459 1481
712 713
144 284
440 448
588 600
878 882
1214 1220
1404 1408
527 535
605 607
311 316
955 961
1051 1054
422 424
1433 1447
1116 1390
1188 1193
659 672
861 872
112 113
97 99
1093 1132
684 686
1459 1476
468 532
565 567
1192 1197
1432 1438
1380 1388
923 927
620 630
1294 1300
34 44
216 217
346 362
588 589
328 330
400 402
643 648
660 661
332 338
423 424
79 81
646 651
648 667
917 920
1016 1021
175 179
658 671
179 274
1502 1505
290 371
473 474
1561 1562
683 687
314 373
498 504
1331 1333
805 811
163 167
514 516
294 300
830 831
1365 1379
281 1468
1366 1373
139 144
250 590
1405 1411
730 732
415 416
418 426
1452 1465
755 758
167 187
1326 1334
1453 1476
868 870
210 275
321 375
545 546
1439 1442
416 421
490 547
1559 1564
734 736
1126 1128
555 557
1033 1035
1075 1106
152 164
892 895
658 664
434 443
253 264
1355 1367
845 854
226 228
501 503
525 527
818 830
1321 1324
159 163
287 291
715 724
1398 1407
259 260
1244 1248
692 779
837 853
1332 1333
141 151
432 443
604 612
418 419
730 733
717 720
1270 1274
1393 1394
814 815
941 955
1527 1596
138 1373
34 38
491 495
130 136
703 709
423 466
792 796
648 649
726 729
157 166
434 436
469 474
587 594
793 795
354 357
134 148
137 138
227 235
873 874
1110 1380
1241 1243
380 1481
623 629
1391 1397
485 487
230 241
86 92
141 142
217 231
640 645
837 852
1136 1142
1349 1364
1307 1322
1452 1463
441 442
921 964
651 668
172 188
941 946
321 325
194 203
466 472
689 693
817 821
1095 1133
1520 1521
416 427
492 494
317 318
614 615
1382 1383
1211 1213
657 664
113 118
591 592
78 84
524 525
1534 1542
836 838
159 173
343 346
750 760
1536 1543
72 1186
184 189
662 663
790 791
118 126
122 123
1369 1370
1538 1545
609 613
990 1028
607 613
1432 1442
1148 1149
426 429
194 196
322 324
467 471
257 1268
55 59
221 234
665 678
1382 1392
1043 1044
1298 1306
448 474
476 478
865 866
1361 1362
223 226
1276 1282
1438 1448
1327 1329
725 726
1015 1020
1461 1462
712 782
1497 1500
1227 1229
380 1479
165 187
696 772
1364 1377
1473 1474
1360 1367
164 186
771 775
1384 1389
796 819
1163 1166
194 197
106 107
1229 1235
1082 1084
143 144
221 225
244 245
372 373
1002 1006
89 94
452 461
35 42
127 566
182 183
642 653
787 794
1085 1087
1086 1088
1215 1220
1276 1287
1199 1212
1533 1538
1133 1151
176 179
911 918
1409 1418
1228 1232
1447 1463
272 273
790 793
174 302
1441 1488
582 583
288 294
419 427
666 668
653 657
1082 1085
1437 1439
168 187
1515 1556
1097 1099
731 746
554 556
772 775
1402 1412
228 229
616 617
692 694
933 937
1226 1227
1354 1355
236 246
1434 1443
166 184
904 906
653 656
341 345
1230 1231
399 467
310 323
806 819
1341 1353
314 315
529 533
1041 1045
251 590
345 353
1433 1439
1341 1344
1238 1264
43 44
811 812
992 1001
1239 1240
797 798
1061 1062
1383 1395
1402 1413
181 190
945 948
306 307
1342 1352
164 173
1038 1050
997 1008
1254 1256
942 945
747 755
52 58
820 826
129 133
718 725
1341 1352
278 371
99 101
519 528
1456 1457
249 586
269 271
381 382
133 145
901 913
520 1524
1471 1484
229 237
413 417
1003 1016
988 992
1324 1325
313 320
1493 1496
189 197
1423 1425
1368 1373
528 534
1549 1556
835 848
852 856
196 197
656 657
342 345
1028 1029
1408 1410
1414 1418
991 1026
95 97
794 805
1219 1225
1518 1522
325 376
1083 1087
1304 1313
1553 1561
576 577
1472 1473
1568 1569
1469 1489
365 366
1286 1293
279 1467
368 374
649 673
189 196
1435 1450
947 958
874 876
324 327
348 349
116 118
1012 1014
1311 1319
852 861
69 70
486 487
838 850
201 214
806 814
593 600
25 36
335 336
1219 1220
119 126
428 438
1421 1438
1319 1330
930 940
532 533
1044 1045
200 202
1032 1034
1269 1272
667 668
133 135
209 224
1558 1559
710 712
1003 1018
142 156
1210 1211
937 947
1185 1189
760 764
1272 1276
515 798
166 172
349 350
115 121
150 157
722 734
1214 1215
27 29
1422 1426
1375 1376
753 763
996 998
408 421
1425 1426
123 124
431 433
823 887
53 54
1062 1100
459 461
1451 1453
205 217
315 320
612 617
705 716
901 910
542 547
857 867
1314 1320
785 794
1428 1441
142 149
732 746
36 37
19 21
1034 1082
76 78
148 150
922 926
1048 1050
1470 1489
765 766
267 270
504 510
1205 1216
788 793
115 116
850 855
523 536
753 754
769 770
1265 1266
930 934
87 1578
1030 1052
460 464
205 216
350 357
776 777
1288 1289
1329 1331
1079 1087
1419 1438
1077 1115
637 640
1222 1226
1003 1004
415 417
148 155
9 10
777 778
925 931
504 507
414 420
588 601
440 474
1328 1330
152 159
1189 1191
678 680
1190 1192
329 331
186 302
336 339
410 469
908 915
841 849
583 592
417 419
1335 1345
308 310
685 687
1093 1127
390 402
393 396
302 304
1395 1403
970 971
721 731
1233 1243
615 626
280 281
1546 1550
588 594
91 92
1063 1064
1275 1278
646 648
668 679
155 163
445 457
1436 1447
658 676
1194 1215
1301 1309
860 863
700 701
1347 1349
151 159
704 706
1216 1218
445 448
707 775
1550 1559
1046 1089
1317 1318
162 302
206 210
829 835
83 84
483 484
212 215
543 544
638 644
1059 1091
1395 1398
1544 1548
144 283
752 754
993 994
1404 1410
1127 1129
389 404
746 752
1017 1031
218 232
1434 1435
1214 1219
1272 1282
445 456
745 753
1301 1308
388 389
1287 1299
311 313
864 872
805 813
1027 1028
1359 1365
684 685
655 657
783 785
54 55
255 260
1270 1271
1273 1276
1380 1387
1432 1437
1293 1300
1453 1478
620 629
654 659
800 889
34 43
588 592
346 361
219 231
328 329
400 401
660 664
1049 1090
332 337
497 551
646 650
1291 1292
446 457
175 180
1561 1563
1363 1371
700 715
1330 1335
798 804
1135 1141
805 812
932 934
163 168
931 936
1282 1283
294 299
478 542
1094 1132
117 118
139 141
1115 1386
730 731
858 859
914 921
1197 1202
167 188
796 810
100 101
868 869
321 376
1439 1447
1477 1483
711 723
802 804
347 354
734 735
1126 1127
1033 1036
1323 1326
889 891
152 163
1002 1009
1355 1368
1176 1177
1552 1554
226 227
1073 1074
392 1519
524 530
283 284
743 744
1117 1381
1321 1325
14 15
159 164
1444 1451
1391 1395
442 443
1220 1225
1454 1459
484 487
600 610
1060 1096
141 152
508 509
1270 1273
900 912
1412 1424
995 999
757 762
1111 1112
1529 1533
925 926
599 603
215 230
1185 1191
73 74
219 233
969 970
1329 1330
275 276
1417 1428
792 795
423 471
1503 1504
157 167
839 847
161 162
434 435
657 658
1377 1378
77 78
667 673
793 796
1241 1244
723 732
137 139
851 860
873 875
1551 1555
50 54
623 630
1164 1166
1353 1370
86 91
141 143
394 399
1542 1548
509 510
1136 1141
1541 1542
441 443
426 427
941 947
172 187
795 806
466 471
782 830
1453 1459
492 493
952 953
1126 1129
424 470
741 746
726 737
728 733
619 625
113 119
78 83
156 163
1534 1541
836 837
159 174
183 195
663 664
312 320
696 774
1094 1095
118 125
436 452
348 358
59 72
167 173
724 738
1418 1434
322 323
467 472
1339 1340
681 749
493 494
424 467
427 435
1382 1391
1298 1305
1002 1004
731 741
476 477
1327 1330
1461 1463
1040 1050
176 181
1302 1314
344 350
866 880
628 633
959 960
1446 1464
396 397
1360 1362
164 185
1143 1589
349 357
167 168
902 907
1232 1262
462 463
1400 1405
1082 1083
1208 1220
971 975
520 530
98 107
168 189
244 248
618 628
780 794
792 802
1331 1346
874 936
1004 1009
1440 1442
1596 1597
35 39
471 472
587 588
1086 1087
131 137
134 142
1327 1337
1474 1490
1533 1539
379 383
287 288
625 635
344 347
1228 1231
1300 1303
1409 1419
1011 1014
1074 1075
231 233
987 993
862 864
349 356
666 667
1416 1428
650 652
653 658
1442 1448
807 817
1107 1109
1437 1440
994 996
245 247
670 671
375 397
1097 1100
1464 1470
642 645
182 191
554 555
1106 1156
228 232
926 934
252 254
897 898
1409 1410
1251 1258
277 281
1385 1389
338 351
235 239
164 167
904 905
1416 1417
1152 1154
1394 1396
1375 1377
346 352
1414 1415
310 322
132 140
519 534
99 107
905 906
994 997
529 534
1041 1046
1520 1555
1088 1089
1433 1440
1555 1560
224 236
228 237
229 231
797 799
1351 1352
854 919
181 191
949 959
1250 1267
1092 1095
855 861
1367 1373
232 233
236 238
364 366
1342 1351
879 882
1549 1558
1038 1049
1509 1513
1254 1255
942 944
1387 1396
913 920
52 57
342 351
129 134
402 407
168 172
1456 1460
780 781
264 266
177 178
876 939
200 219
1030 1063
1430 1431
854 928
413 418
858 866
988 991
344 354
1324 1328
810 820
334 343
263 266
688 695
1367 1368
1423 1426
169 170
852 855
196 200
656 660
160 289
1408 1409
593 594
95 98
863 866
1531 1532
559 561
173 174
1295 1299
1006 1009
1518 1521
143 284
200 212
737 743
458 460
884 890
187 197
1238 1265
1345 1356
1396 1402
1415 1434
1553 1562
156 157
1059 1061
1316 1317
840 847
1155 1159
365 367
661 663
279 1468
368 373
649 674
1272 1278
1310 1311
874 875
15 16
1548 1558
719 725
1231 1237
116 117
1012 1013
1254 1257
444 446
1025 1026
1407 1421
1388 1394
1466 1471
69 71
342 353
160 298
201 215
25 37
853 861
428 437
907 911
1295 1302
1319 1335
1140 1153
1421 1439
606 613
644 645
1032 1033
458 461
608 610
918 921
901 904
103 108
710 711
1222 1223
1314 1326
142 155
1209 1222
1337 1350
75 80
366 370
44 47
760 763
1272 1275
178 274
1067 1098
1325 1333
166 171
349 351
150 156
744 750
1189 1202
526 529
1422 1425
753 764
853 860
1370 1374
1191 1194
435 452
53 55
1062 1099
1451 1454
920 926
205 218
705 717
1098 1099
857 868
1077 1117
928 931
142 148
291 294
455 475
76 77
148 149
661 677
922 925
1048 1049
1233 1262
1380 1394
1475 1490
1476 1478
765 767
1277 1279
1499 1500
214 215
504 509
420 470
537 538
1305 1306
671 677
1212 1213
769 771
202 219
701 704
258 260
318 319
502 514
431 441
1317 1329
826 833
1306 1313
920 923
1288 1292
1329 1332
1280 1281
710 713
376 410
33 34
785 786
415 418
1077 1116
1007 1009
661 676
1322 1328
1431 1436
299 301
777 779
1134 1137
377 378
1546 1548
1271 1277
1504 1526
40 41
831 839
835 849
1190 1191
201 204
329 332
203 212
258 261
1540 1546
1279 1280
430 436
583 589
823 834
1123 1147
369 370
1381 1386
903 905
390 401
393 397
302 303
875 936
894 896
1395 1404
144 285
721 732
1496 1500
800 886
1546 1549
1248 1250
588 593
488 548
1035 1036
1271 1272
331 338
646 647
774 775
1492 1499
300 317
361 362
1194 1214
1301 1310
1281 1297
696 699
824 827
1433 1442
367 373
700 704
151 160
704 705
1216 1217
1344 1345
1443 1448
1550 1558
1151 1154
583 584
1245 1247
1317 1319
1467 1468
1202 1215
1419 1421
206 209
1459 1479
468 525
638 643
1115 1381
1156 1159
768 772
455 464
721 723
752 753
993 995
1404 1409
1127 1130
746 751
1477 1478
803 809
878 880
218 231
699 701
1053 1090
337 347
527 533
451 463
856 857
627 632
1234 1235
311 314
864 871
314 370
1000 1017
659 670
1202 1208
351 357
875 938
1349 1377
