1 1
2 2
3 2
4 1
5 1
6 3
7 1
8 2
9 1
10 2
11 1
12 2
13 3
14 1
15 2
16 1
17 1
18 2
19 1
20 2
21 2
22 1
23 1
24 4
25 3
26 1
27 2
28 1
29 2
30 1
31 3
32 4
33 1
34 3
35 1
36 1
37 3
38 1
39 2
40 1
41 2
42 1
43 3
44 1
45 2
46 3
47 1
48 1
49 2
50 6
51 4
52 6
53 2
54 1
55 3
56 1
57 2
58 1
59 2
60 2
61 3
62 1
63 2
64 1
65 2
66 1
67 3
68 4
69 1
70 2
71 1
72 1
73 2
74 3
75 1
76 5
77 1
78 2
79 2
80 3
81 4
82 1
83 7
84 1
85 2
86 1
87 2
88 1
89 2
90 1
91 2
92 1
93 3
94 4
95 3
96 4
97 1
98 6
99 1
100 1
101 2
102 1
103 2
104 1
105 2
106 1
107 2
108 2
109 1
110 1
111 2
112 1
113 2
114 4
115 1
116 3
117 5
118 1
119 1
120 2
121 2
122 1
123 1
124 2
125 3
126 1
127 2
128 1
129 4
130 2
131 1
132 3
133 1
134 2
135 2
136 1
137 2
138 1
139 1
140 2
141 2
142 1
143 1
144 2
145 1
146 2
147 1
148 2
149 1
150 3
151 2
152 1
153 3
154 1
155 2
156 1
157 2
158 2
159 1
160 1
161 2
162 3
163 2
164 1
165 3
166 1
167 4
168 2
169 3
170 3
171 2
172 2
173 1
174 1
175 3
176 2
177 1
178 1
179 2
180 1
181 4
182 3
183 1
184 5
185 1
186 1
187 5
188 2
189 1
190 2
191 1
192 2
193 1
194 1
195 3
196 2
197 1
198 2
199 1
200 3
201 5
202 2
203 1
204 1
205 2
206 1
207 3
208 1
209 2
210 1
211 3
212 4
213 5
214 1
215 2
216 3
217 1
218 1
219 3
220 4
221 1
222 2
223 5
224 4
225 2
226 2
227 1
228 1
229 2
230 2
231 4
232 1
233 2
234 5
235 3
236 3
237 1
238 2
239 2
240 1
241 3
242 5
243 1
244 1
245 2
246 3
247 1
248 1
249 2
250 1
251 2
252 4
253 1
254 1
255 4
256 6
257 3
258 1
259 3
260 3
261 2
262 1
263 2
264 2
265 3
266 3
267 2
268 1
269 2
270 3
271 1
272 1
273 2
274 3
275 1
276 2
277 1
278 3
279 1
280 1
281 2
282 2
283 3
284 1
285 3
286 1
287 3
288 2
289 1
290 4
291 2
292 3
293 3
294 2
295 6
296 1
297 3
298 2
299 2
300 4
301 1
302 3
303 3
304 4
305 1
306 3
307 1
308 2
309 3
310 3
311 4
312 1
313 2
314 2
315 1
316 2
317 4
318 1
319 2
320 3
321 1
322 3
323 1
324 2
325 2
326 1
327 2
328 1
329 1
330 2
331 1
332 2
333 4
334 1
335 2
336 3
337 1
338 3
339 4
340 5
341 1
342 2
343 2
344 3
345 3
346 3
347 1
348 4
349 1
350 4
351 1
352 4
353 1
354 3
355 1
356 3
357 3
358 4
359 6
360 5
361 1
362 2
363 1
364 4
365 1
366 3
367 1
368 1
369 4
370 3
371 1
372 2
373 5
374 5
375 1
376 3
377 2
378 5
379 3
380 1
381 2
382 2
383 1
384 3
385 5
386 2
387 1
388 2
389 3
390 5
391 4
392 5
393 2
394 3
395 2
396 2
397 1
398 5
399 3
400 3
401 1
402 3
403 4
404 2
405 2
406 4
407 2
408 3
409 1
410 6
411 3
412 4
413 1
414 2
415 5
416 4
417 5
418 3
419 4
420 1
421 2
422 1
423 2
424 2
425 1
426 3
427 2
428 3
429 1
430 1
431 2
432 1
433 2
434 1
435 2
436 2
437 3
438 2
439 5
440 4
441 5
442 1
443 2
444 3
445 1
446 2
447 3
448 1
449 3
450 2
451 3
452 1
453 1
454 3
455 2
456 5
457 2
458 2
459 3
460 2
461 1
462 5
463 2
464 3
465 4
466 3
467 1
468 2
469 1
470 7
471 4
472 3
473 1
474 1
475 5
476 2
477 2
478 1
479 2
480 2
481 3
482 1
483 3
484 2
485 1
486 4
487 4
488 3
489 4
490 1
491 2
492 1
493 4
494 5
495 2
496 3
497 1
498 4
499 1
500 4
501 1
502 2
503 1
504 2
505 3
506 5
507 4
508 1
509 2
510 1
511 2
512 2
513 2
514 1
515 2
516 5
517 3
518 3
519 2
520 3
521 4
522 5
523 1
524 2
525 3
526 3
527 4
528 2
529 3
530 3
531 3
532 4
533 2
534 3
535 2
536 1
537 3
538 2
539 1
540 2
541 2
542 3
543 3
544 4
545 3
546 1
547 5
548 3
549 4
550 4
551 2
552 5
553 2
554 3
555 2
556 5
557 1
558 3
559 1
560 2
561 4
562 7
563 1
564 3
565 4
566 2
567 4
568 3
569 2
570 1
571 2
572 3
573 2
574 4
575 2
576 1
577 2
578 3
579 1
580 5
581 1
582 2
583 2
584 1
585 1
586 2
587 4
588 2
589 1
590 2
591 5
592 3
593 3
594 2
595 1
596 3
597 1
598 2
599 1
600 2
601 3
602 5
603 3
604 2
605 3
606 1
607 2
608 3
609 4
610 4
611 1
612 3
613 2
614 3
615 1
616 3
617 5
618 4
619 1
620 1
621 2
622 4
623 4
624 2
625 3
626 2
627 3
628 2
629 1
630 2
631 1
632 3
633 2
634 3
635 2
636 1
637 2
638 6
639 2
640 4
641 5
642 5
643 2
644 4
645 3
646 1
647 2
648 4
649 2
650 2
651 2
652 3
653 4
654 3
655 1
656 1
657 2
658 2
659 3
660 2
661 1
662 1
663 2
664 5
665 1
666 2
667 1
668 1
669 2
670 3
671 1
672 4
673 3
674 3
675 1
676 2
677 1
678 2
679 2
680 2
681 1
682 2
683 3
684 6
685 4
686 3
687 2
688 3
689 2
690 3
691 4
692 4
693 3
694 1
695 1
696 2
697 2
698 1
699 3
700 2
701 3
702 1
703 1
704 2
705 1
706 3
707 4
708 5
709 3
710 1
711 4
712 2
713 4
714 2
715 1
716 7
717 3
718 1
719 2
720 2
721 4
722 4
723 1
724 3
725 1
726 4
727 1
728 2
729 1
730 3
731 4
732 3
733 1
734 2
735 3
736 1
737 3
738 1
739 3
740 2
741 1
742 3
743 4
744 3
745 2
746 2
747 4
748 3
749 4
750 4
751 1
752 5
753 2
754 1
755 2
756 1
757 2
758 4
759 6
760 3
761 4
762 5
763 3
764 1
765 2
766 4
767 1
768 2
769 3
770 2
771 1
772 2
773 4
774 2
775 3
776 2
777 4
778 5
779 3
780 2
781 3
782 3
783 4
784 2
785 4
786 5
787 2
788 2
789 4
790 4
791 1
792 4
793 3
794 1
795 2
796 3
797 6
798 3
799 5
800 2
801 1
802 2
803 5
804 3
805 4
806 5
807 1
808 4
809 3
810 2
811 2
812 1
813 4
814 3
815 4
816 3
817 1
818 2
819 1
820 4
821 5
822 1
823 3
824 1
825 2
826 1
827 2
828 3
829 4
830 2
831 1
832 6
833 2
834 1
835 3
836 4
837 3
838 1
839 2
840 2
841 1
842 2
843 3
844 1
845 4
846 2
847 1
848 7
849 3
850 1
851 2
852 4
853 3
854 4
855 4
856 6
857 3
858 5
859 1
860 3
861 4
862 4
863 1
864 5
865 3
866 3
867 4
868 4
869 5
870 4
871 3
872 2
873 1
874 3
875 5
876 1
877 2
878 3
879 1
880 7
881 1
882 4
883 3
884 1
885 2
886 3
887 2
888 1
889 2
890 1
891 3
892 4
893 1
894 2
895 3
896 3
897 4
898 1
899 3
900 1
901 2
902 1
903 3
904 4
905 2
906 1
907 2
908 3
909 3
910 1
911 3
912 1
913 3
914 3
915 2
916 4
917 3
918 4
919 4
920 3
921 2
922 3
923 1
924 1
925 3
926 1
927 3
928 2
929 3
930 4
931 3
932 2
933 4
934 1
935 4
936 3
937 4
938 4
939 6
940 4
941 1
942 2
943 2
944 3
945 2
946 1
947 6
948 2
949 5
950 3
951 4
952 1
953 3
954 5
955 1
956 2
957 3
958 3
959 3
960 4
961 2
962 3
963 4
964 4
965 2
966 1
967 4
968 1
969 5
970 3
971 4
972 5
973 5
974 3
975 4
976 2
977 6
978 1
979 4
980 2
981 1
982 1
983 2
984 1
985 3
986 1
987 4
988 1
989 2
990 1
991 1
992 5
993 3
994 4
995 1
996 2
997 3
998 1
999 4
1000 3
1001 2
1002 1
1003 3
1004 5
1005 1
1006 2
1007 3
1008 3
1009 2
1010 5
1011 4
1012 4
1013 6
1014 3
1015 3
1016 4
1017 3
1018 4
1019 3
1020 1
1021 1
1022 2
1023 2
1024 5
1025 5
1026 2
1027 1
1028 1
1029 2
1030 2
1031 4
1032 5
1033 3
1034 3
1035 1
1036 1
1037 1
1038 3
1039 5
1040 3
1041 1
1042 2
1043 3
1044 5
1045 2
1046 4
1047 2
1048 1
1049 2
1050 3
1051 5
1052 3
1053 3
1054 5
1055 1
1056 3
1057 4
1058 3
1059 4
1060 2
1061 1
1062 4
1063 1
1064 2
1065 2
1066 1
1067 3
1068 4
1069 2
1070 3
1071 4
1072 2
1073 4
1074 4
1075 4
1076 3
1077 5
1078 3
1079 2
1080 1
1081 4
1082 5
1083 2
1084 1
1085 2
1086 1
1087 2
1088 1
1089 2
1090 3
1091 4
1092 3
1093 3
1094 3
1095 4
1096 2
1097 5
1098 1
1099 2
1100 2
1101 2
1102 1
1103 2
1104 4
1105 5
1106 2
1107 1
1108 2
1109 3
1110 2
1111 3
1112 5
1113 1
1114 5
1115 3
1116 4
1117 5
1118 6
1119 1
1120 3
1121 2
1122 4
1123 4
1124 5
1125 6
1126 4
1127 5
1128 2
1129 1
1130 3
1131 2
1132 4
1133 2
1134 4
1135 3
1136 1
1137 2
1138 1
1139 4
1140 3
1141 6
1142 2
1143 4
1144 2
1145 2
1146 3
1147 4
1148 1
1149 2
1150 4
1151 3
1152 6
1153 5
1154 2
1155 2
1156 2
1157 2
1158 1
1159 2
1160 1
1161 2
1162 5
1163 4
1164 2
1165 3
1166 4
1167 1
1168 6
1169 4
1170 1
1171 3
1172 2
1173 1
1174 4
1175 3
1176 3
1177 1
1178 3
1179 1
1180 2
1181 1
1182 2
1183 1
1184 2
1185 4
1186 7
1187 3
1188 5
1189 5
1190 3
1191 3
1192 2
1193 3
1194 5
1195 3
1196 5
1197 1
1198 3
1199 1
1200 3
1201 1
1202 2
1203 1
1204 3
1205 2
1206 1
1207 2
1208 2
1209 3
1210 3
1211 3
1212 2
1213 1
1214 3
1215 3
1216 5
1217 5
1218 2
1219 5
1220 2
1221 3
1222 2
1223 6
1224 2
1225 3
1226 4
1227 4
1228 1
1229 3
1230 1
1231 2
1232 3
1233 2
1234 4
1235 1
1236 3
1237 4
1238 4
1239 2
1240 2
1241 1
1242 2
1243 4
1244 1
1245 2
1246 2
1247 5
1248 1
1249 3
1250 1
1251 3
1252 6
1253 4
1254 4
1255 6
1256 1
1257 4
1258 2
1259 4
1260 2
1261 4
1262 5
1263 1
1264 4
1265 1
1266 4
1267 5
1268 3
1269 5
1270 5
1271 5
1272 3
1273 1
1274 3
1275 4
1276 2
1277 1
1278 1
1279 7
1280 5
1281 3
1282 3
1283 3
1284 5
1285 5
1286 3
1287 1
1288 3
1289 2
1290 5
1291 4
1292 3
1293 4
1294 6
1295 4
1296 5
1297 1
1298 2
1299 4
1300 5
1301 3
1302 4
1303 3
1304 1
1305 5
1306 1
1307 4
1308 4
1309 3
1310 3
1311 4
1312 4
1313 2
1314 3
1315 4
1316 3
1317 4
1318 2
1319 3
1320 3
1321 5
1322 5
1323 3
1324 3
1325 2
1326 1
1327 5
1328 4
1329 5
1330 5
1331 3
1332 2
1333 4
1334 2
1335 5
1336 7
1337 2
1338 3
1339 3
1340 2
1341 3
1342 3
1343 1
1344 3
1345 3
1346 2
1347 6
1348 5
1349 3
1350 3
1351 1
1352 2
1353 3
1354 2
1355 1
1356 2
1357 1
1358 4
1359 1
1360 2
1361 1
1362 2
1363 4
1364 1
1365 4
1366 1
1367 2
1368 1
1369 4
1370 6
1371 5
1372 3
1373 4
1374 5
1375 3
1376 1
1377 2
1378 1
1379 2
1380 4
1381 4
1382 4
1383 1
1384 2
1385 2
1386 4
1387 3
1388 4
1389 7
1390 2
1391 4
1392 3
1393 1
1394 2
1395 4
1396 5
1397 3
1398 5
1399 2
1400 3
1401 3
1402 5
1403 3
1404 2
1405 6
1406 1
1407 2
1408 5
1409 5
1410 1
1411 6
1412 1
1413 3
1414 2
1415 4
1416 4
1417 2
1418 1
1419 5
1420 4
1421 3
1422 4
1423 3
1424 6
1425 2
1426 3
1427 5
1428 1
1429 2
1430 3
1431 3
1432 4
1433 4
1434 5
1435 2
1436 3
1437 1
1438 1
1439 2
1440 1
1441 2
1442 2
1443 3
1444 3
1445 3
1446 1
1447 2
1448 3
1449 2
1450 4
1451 5
1452 1
1453 4
1454 1
1455 1
1456 2
1457 2
1458 2
1459 1
1460 1
1461 4
1462 3
1463 4
1464 4
1465 1
1466 1
1467 5
1468 2
1469 3
1470 6
1471 2
1472 2
1473 4
1474 1
1475 1
1476 5
1477 4
1478 4
1479 3
1480 1
1481 3
1482 2
1483 4
1484 5
1485 3
1486 3
1487 3
1488 5
1489 4
1490 2
1491 3
1492 1
1493 2
1494 2
1495 3
1496 2
1497 3
1498 2
1499 2
1500 3
1501 1
1502 1
1503 3
1504 3
1505 5
1506 1
1507 1
1508 3
1509 1
1510 2
1511 1
1512 4
1513 3
1514 1
1515 1
1516 1
1517 1
1518 2
1519 1
1520 4
1521 3
1522 2
1523 4
1524 1
1525 1
1526 2
1527 4
1528 2
1529 1
1530 1
1531 5
1532 4
1533 3
1534 4
1535 1
1536 1
1537 4
1538 4
1539 1
1540 2
1541 4
1542 4
1543 1
1544 2
1545 3
1546 2
1547 1
1548 3
1549 4
1550 5
1551 2
1552 3
1553 3
1554 2
1555 2
1556 3
1557 3
1558 1
1559 1
1560 1
1561 5
1562 4
1563 3
1564 1
1565 2
1566 2
1567 3
1568 2
1569 4
1570 1
1571 3
1572 4
1573 2
1574 3
1575 3
1576 3
1577 1
1578 3
1579 3
1580 1
1581 2
1582 1
1583 1
1584 1
1585 2
1586 2
1587 2
1588 3
1589 2
1590 1
1591 2
1592 2
1593 1
1594 1
1595 2
1596 2
1597 2
