1 3
2 3
3 3
4 3
5 3
6 3
7 3
8 3
9 3
10 3
11 3
12 3
13 3
14 3
15 3
16 3
17 3
18 3
19 8
20 7
21 7
22 1
23 8
24 1
25 1
26 9
27 9
28 8
29 1
30 6
31 1
32 9
33 8
34 1
35 1
36 1
37 1
38 1
39 1
40 1
41 8
42 1
43 9
44 9
45 1
46 1
47 7
48 9
49 7
50 9
51 1
52 2
53 9
54 8
55 8
56 1
57 8
58 9
59 1
60 1
61 1
62 1
63 6
64 8
65 9
66 8
67 6
68 8
69 1
70 1
71 7
72 5
73 4
74 4
75 4
76 3
77 3
78 3
79 3
80 4
81 4
82 2
83 4
84 4
85 2
86 2
87 2
88 2
89 4
90 4
91 7
92 2
93 2
94 7
95 3
96 3
97 2
98 3
99 7
100 4
101 2
102 4
103 4
104 3
105 6
106 7
107 7
108 9
109 3
110 3
111 2
112 4
113 4
114 1
115 4
116 4
117 2
118 4
119 3
120 4
121 7
122 7
123 4
124 4
125 3
126 4
127 3
128 4
129 5
130 5
131 5
132 5
133 8
134 5
135 6
136 9
137 4
138 9
139 5
140 1
141 9
142 6
143 7
144 5
145 9
146 8
147 9
148 9
149 6
150 6
151 9
152 8
153 8
154 8
155 2
156 8
157 2
158 1
159 9
160 5
161 9
162 9
163 9
164 7
165 9
166 1
167 1
168 9
169 9
170 6
171 1
172 9
173 6
174 7
175 1
176 1
177 1
178 8
179 1
180 1
181 1
182 1
183 9
184 8
185 9
186 4
187 8
188 1
189 8
190 8
191 1
192 8
193 9
194 6
195 1
196 8
197 7
198 1
199 8
200 1
201 2
202 8
203 1
204 2
205 2
206 1
207 6
208 1
209 1
210 5
211 9
212 8
213 8
214 9
215 1
216 6
217 1
218 9
219 1
220 9
221 6
222 1
223 8
224 8
225 8
226 8
227 8
228 8
229 8
230 9
231 1
232 1
233 1
234 8
235 8
236 1
237 1
238 6
239 1
240 9
241 1
242 8
243 1
244 6
245 8
246 1
247 3
248 3
249 6
250 9
251 7
252 8
253 5
254 5
255 8
256 9
257 9
258 8
259 8
260 1
261 8
262 4
263 5
264 8
265 1
266 4
267 8
268 8
269 8
270 8
271 1
272 8
273 8
274 8
275 1
276 2
277 5
278 8
279 6
280 8
281 5
282 6
283 5
284 5
285 1
286 6
287 6
288 8
289 7
290 8
291 6
292 6
293 6
294 6
295 9
296 5
297 2
298 5
299 8
300 8
301 8
302 9
303 9
304 8
305 9
306 6
307 1
308 1
309 1
310 6
311 9
312 8
313 1
314 9
315 1
316 9
317 6
318 9
319 6
320 6
321 1
322 8
323 1
324 6
325 7
326 6
327 8
328 9
329 6
330 8
331 7
332 5
333 9
334 6
335 9
336 6
337 6
338 6
339 6
340 6
341 5
342 4
343 6
344 9
345 5
346 1
347 9
348 6
349 2
350 7
351 5
352 1
353 5
354 7
355 1
356 8
357 2
358 9
359 5
360 6
361 1
362 1
363 6
364 5
365 2
366 8
367 6
368 2
369 8
370 8
371 8
372 7
373 6
374 6
375 6
376 2
377 5
378 5
379 5
380 1
381 5
382 2
383 2
384 5
385 6
386 5
387 6
388 6
389 9
390 2
391 9
392 4
393 2
394 2
395 6
396 2
397 5
398 5
399 2
400 9
401 6
402 6
403 2
404 6
405 6
406 6
407 6
408 8
409 6
410 6
411 5
412 2
413 6
414 1
415 9
416 7
417 2
418 1
419 9
420 1
421 9
422 9
423 6
424 6
425 6
426 2
427 6
428 9
429 8
430 6
431 6
432 9
433 2
434 2
435 6
436 6
437 6
438 7
439 6
440 5
441 9
442 6
443 5
444 6
445 2
446 6
447 6
448 5
449 6
450 6
451 6
452 6
453 5
454 1
455 6
456 5
457 5
458 2
459 6
460 6
461 9
462 6
463 1
464 9
465 6
466 6
467 6
468 7
469 8
470 9
471 9
472 5
473 6
474 2
475 8
476 7
477 8
478 2
479 2
480 4
481 4
482 7
483 4
484 3
485 7
486 7
487 7
488 7
489 6
490 2
491 7
492 7
493 7
494 7
495 7
496 4
497 2
498 4
499 7
500 7
501 2
502 7
503 7
504 4
505 4
506 7
507 7
508 7
509 7
510 4
511 7
512 2
513 9
514 2
515 6
516 2
517 3
518 4
519 7
520 7
521 1
522 2
523 8
524 4
525 4
526 3
527 4
528 3
529 7
530 7
531 7
532 4
533 7
534 2
535 3
536 2
537 7
538 7
539 8
540 2
541 7
542 2
543 2
544 4
545 7
546 2
547 4
548 4
549 4
550 2
551 7
552 2
553 4
554 3
555 3
556 3
557 8
558 4
559 4
560 3
561 3
562 3
563 3
564 3
565 3
566 7
567 3
568 4
569 2
570 3
571 3
572 4
573 4
574 3
575 2
576 7
577 2
578 2
579 2
580 3
581 3
582 6
583 6
584 9
585 9
586 6
587 8
588 6
589 6
590 2
591 9
592 6
593 9
594 9
595 5
596 5
597 6
598 8
599 8
600 9
601 6
602 8
603 9
604 6
605 1
606 6
607 6
608 9
609 6
610 9
611 1
612 7
613 2
614 9
615 8
616 9
617 9
618 6
619 9
620 8
621 1
622 1
623 9
624 6
625 2
626 1
627 1
628 9
629 9
630 9
631 5
632 9
633 6
634 1
635 9
636 6
637 1
638 1
639 8
640 8
641 9
642 9
643 1
644 6
645 1
646 9
647 1
648 1
649 1
650 6
651 1
652 6
653 6
654 1
655 9
656 9
657 7
658 9
659 9
660 9
661 9
662 6
663 8
664 2
665 6
666 6
667 1
668 6
669 9
670 1
671 6
672 9
673 1
674 1
675 8
676 9
677 9
678 6
679 1
680 9
681 5
682 5
683 8
684 9
685 2
686 5
687 5
688 6
689 1
690 6
691 2
692 1
693 8
694 6
695 9
696 6
697 9
698 8
699 8
700 8
701 7
702 9
703 9
704 9
705 2
706 9
707 8
708 8
709 8
710 8
711 1
712 7
713 9
714 8
715 9
716 9
717 6
718 8
719 8
720 2
721 7
722 6
723 9
724 8
725 6
726 5
727 6
728 8
729 4
730 9
731 1
732 6
733 9
734 9
735 7
736 6
737 5
738 1
739 6
740 9
741 2
742 6
743 8
744 1
745 8
746 8
747 2
748 6
749 5
750 5
751 6
752 6
753 6
754 9
755 7
756 5
757 5
758 9
759 5
760 8
761 9
762 8
763 9
764 1
765 6
766 6
767 8
768 8
769 8
770 2
771 8
772 2
773 8
774 2
775 6
776 6
777 6
778 6
779 9
780 5
781 2
782 8
783 8
784 5
785 8
786 6
787 2
788 5
789 6
790 7
791 5
792 6
793 6
794 2
795 9
796 6
797 5
798 6
799 7
800 6
801 2
802 9
803 5
804 6
805 6
806 8
807 7
808 6
809 5
810 8
811 5
812 5
813 2
814 5
815 5
816 6
817 9
818 5
819 1
820 1
821 6
822 9
823 6
824 1
825 5
826 5
827 5
828 8
829 6
830 5
831 5
832 9
833 7
834 8
835 6
836 9
837 9
838 9
839 5
840 8
841 9
842 5
843 9
844 9
845 7
846 6
847 9
848 9
849 9
850 1
851 5
852 6
853 7
854 7
855 2
856 9
857 9
858 7
859 6
860 2
861 9
862 2
863 1
864 7
865 5
866 7
867 9
868 7
869 1
870 1
871 9
872 9
873 9
874 4
875 4
876 4
877 8
878 1
879 5
880 7
881 9
882 2
883 2
884 6
885 7
886 7
887 4
888 4
889 4
890 5
891 2
892 4
893 4
894 4
895 7
896 7
897 2
898 2
899 7
900 2
901 7
902 4
903 7
904 7
905 7
906 7
907 2
908 2
909 3
910 2
911 2
912 2
913 7
914 2
915 7
916 4
917 7
918 2
919 4
920 3
921 2
922 3
923 7
924 4
925 4
926 7
927 3
928 4
929 7
930 7
931 4
932 7
933 7
934 7
935 7
936 4
937 2
938 4
939 7
940 7
941 4
942 7
943 7
944 2
945 2
946 2
947 7
948 7
949 7
950 2
951 2
952 7
953 2
954 8
955 2
956 4
957 4
958 4
959 7
960 7
961 7
962 2
963 2
964 2
965 2
966 2
967 7
968 9
969 2
970 9
971 8
972 8
973 6
974 1
975 5
976 9
977 1
978 7
979 2
980 2
981 7
982 2
983 8
984 6
985 9
986 5
987 7
988 9
989 7
990 9
991 9
992 9
993 5
994 9
995 4
996 5
997 6
998 1
999 6
1000 2
1001 9
1002 1
1003 2
1004 9
1005 8
1006 1
1007 8
1008 1
1009 1
1010 7
1011 7
1012 9
1013 7
1014 1
1015 9
1016 5
1017 5
1018 7
1019 1
1020 7
1021 1
1022 2
1023 7
1024 2
1025 8
1026 8
1027 1
1028 7
1029 9
1030 5
1031 4
1032 8
1033 6
1034 6
1035 9
1036 6
1037 5
1038 5
1039 9
1040 2
1041 2
1042 9
1043 7
1044 6
1045 6
1046 6
1047 4
1048 6
1049 7
1050 2
1051 5
1052 5
1053 9
1054 1
1055 7
1056 8
1057 3
1058 1
1059 6
1060 2
1061 9
1062 8
1063 2
1064 9
1065 2
1066 6
1067 7
1068 9
1069 5
1070 7
1071 4
1072 7
1073 7
1074 9
1075 9
1076 9
1077 7
1078 9
1079 7
1080 9
1081 9
1082 6
1083 7
1084 8
1085 7
1086 6
1087 9
1088 9
1089 7
1090 9
1091 9
1092 8
1093 4
1094 4
1095 4
1096 9
1097 9
1098 9
1099 9
1100 7
1101 7
1102 4
1103 1
1104 9
1105 1
1106 4
1107 9
1108 5
1109 5
1110 5
1111 1
1112 8
1113 4
1114 5
1115 4
1116 4
1117 2
1118 7
1119 2
1120 7
1121 7
1122 7
1123 7
1124 7
1125 7
1126 4
1127 7
1128 4
1129 4
1130 4
1131 4
1132 7
1133 4
1134 7
1135 7
1136 7
1137 7
1138 7
1139 7
1140 7
1141 7
1142 7
1143 7
1144 7
1145 7
1146 7
1147 7
1148 7
1149 7
1150 4
1151 4
1152 4
1153 2
1154 4
1155 4
1156 4
1157 7
1158 2
1159 4
1160 3
1161 4
1162 2
1163 3
1164 3
1165 3
1166 3
1167 3
1168 3
1169 3
1170 3
1171 3
1172 3
1173 3
1174 3
1175 3
1176 3
1177 3
1178 3
1179 3
1180 4
1181 3
1182 3
1183 4
1184 5
1185 5
1186 8
1187 4
1188 5
1189 5
1190 5
1191 4
1192 5
1193 6
1194 8
1195 6
1196 8
1197 8
1198 4
1199 4
1200 5
1201 1
1202 5
1203 8
1204 5
1205 2
1206 2
1207 8
1208 1
1209 2
1210 7
1211 5
1212 8
1213 2
1214 8
1215 5
1216 1
1217 1
1218 8
1219 1
1220 7
1221 8
1222 9
1223 5
1224 1
1225 8
1226 2
1227 4
1228 8
1229 5
1230 1
1231 1
1232 6
1233 1
1234 4
1235 5
1236 7
1237 2
1238 1
1239 1
1240 6
1241 8
1242 7
1243 6
1244 2
1245 6
1246 7
1247 1
1248 1
1249 7
1250 7
1251 9
1252 7
1253 4
1254 7
1255 2
1256 4
1257 8
1258 6
1259 6
1260 1
1261 9
1262 8
1263 1
1264 8
1265 1
1266 1
1267 1
1268 5
1269 6
1270 5
1271 5
1272 5
1273 5
1274 5
1275 5
1276 5
1277 5
1278 5
1279 8
1280 8
1281 6
1282 8
1283 9
1284 8
1285 8
1286 6
1287 8
1288 5
1289 9
1290 1
1291 5
1292 9
1293 6
1294 6
1295 8
1296 1
1297 1
1298 1
1299 8
1300 1
1301 2
1302 8
1303 1
1304 6
1305 6
1306 8
1307 1
1308 5
1309 5
1310 9
1311 9
1312 4
1313 8
1314 8
1315 4
1316 5
1317 6
1318 5
1319 5
1320 9
1321 9
1322 5
1323 9
1324 5
1325 9
1326 1
1327 6
1328 9
1329 7
1330 5
1331 7
1332 2
1333 9
1334 1
1335 6
1336 8
1337 8
1338 6
1339 1
1340 6
1341 9
1342 1
1343 6
1344 6
1345 5
1346 9
1347 5
1348 6
1349 1
1350 9
1351 9
1352 9
1353 9
1354 8
1355 2
1356 5
1357 1
1358 2
1359 1
1360 1
1361 6
1362 6
1363 9
1364 9
1365 8
1366 9
1367 6
1368 9
1369 1
1370 9
1371 1
1372 8
1373 8
1374 9
1375 9
1376 9
1377 8
1378 6
1379 1
1380 5
1381 5
1382 5
1383 9
1384 5
1385 9
1386 9
1387 5
1388 5
1389 8
1390 1
1391 2
1392 6
1393 5
1394 9
1395 9
1396 1
1397 6
1398 8
1399 8
1400 9
1401 8
1402 5
1403 2
1404 1
1405 8
1406 6
1407 9
1408 8
1409 1
1410 1
1411 2
1412 5
1413 5
1414 8
1415 8
1416 2
1417 6
1418 6
1419 6
1420 8
1421 6
1422 5
1423 9
1424 8
1425 9
1426 1
1427 1
1428 6
1429 8
1430 9
1431 9
1432 9
1433 2
1434 2
1435 9
1436 1
1437 6
1438 5
1439 9
1440 1
1441 6
1442 2
1443 9
1444 6
1445 9
1446 1
1447 1
1448 9
1449 9
1450 9
1451 8
1452 1
1453 1
1454 1
1455 9
1456 9
1457 8
1458 6
1459 1
1460 6
1461 8
1462 6
1463 8
1464 8
1465 1
1466 9
1467 9
1468 9
1469 6
1470 9
1471 1
1472 6
1473 9
1474 9
1475 1
1476 1
1477 1
1478 6
1479 9
1480 7
1481 9
1482 9
1483 4
1484 6
1485 7
1486 9
1487 1
1488 2
1489 8
1490 1
1491 7
1492 2
1493 3
1494 4
1495 4
1496 2
1497 2
1498 7
1499 2
1500 7
1501 7
1502 2
1503 2
1504 7
1505 2
1506 7
1507 4
1508 4
1509 7
1510 2
1511 7
1512 7
1513 7
1514 7
1515 2
1516 8
1517 7
1518 2
1519 2
1520 4
1521 4
1522 9
1523 4
1524 2
1525 4
1526 7
1527 2
1528 7
1529 7
1530 2
1531 2
1532 2
1533 7
1534 7
1535 4
1536 4
1537 4
1538 7
1539 2
1540 2
1541 7
1542 2
1543 7
1544 2
1545 7
1546 7
1547 4
1548 7
1549 2
1550 7
1551 7
1552 4
1553 2
1554 4
1555 4
1556 2
1557 7
1558 2
1559 7
1560 4
1561 7
1562 9
1563 7
1564 7
1565 2
1566 2
1567 2
1568 7
1569 4
1570 7
1571 3
1572 2
1573 3
1574 3
1575 3
1576 8
1577 1
1578 3
1579 5
1580 2
1581 2
1582 2
1583 2
1584 5
1585 2
1586 3
1587 7
1588 7
1589 4
1590 8
1591 3
1592 3
1593 3
1594 3
1595 8
1596 2
1597 7
